0 0 7 8 8 8 8 5 5 5 0 5 5 5 5 5 2 2 2 2 2 5 5 5 5 9 0 0 0 0 0 0 0 0 0 s 0 0 0 0 0 0 0 0 0 0 0 0 0 0 0 0 0 0 0 0 s 0 s 0 0 0 0 0 
0 0 0 0 0 0 0 7 8 8 0 8 8 8 5 5 5 5 5 5 5 5 8 8 9 0 0 0 0 0 0 s 0 0 0 0 0 0 s 0 s 0 0 0 0 0 0 0 0 0 0 0 s 0 0 0 s 0 s 0 0 0 s 0 
0 0 0 0 0 0 0 0 0 s 0 s 0 0 7 8 8 8 8 8 8 9 0 0 0 0 0 0 0 0 0 0 0 0 0 0 0 0 0 0 0 0 0 0 0 0 0 0 0 0 0 0 0 0 0 0 s 0 s 0 0 0 0 0 
0 0 0 0 0 s 0 0 0 0 0 0 0 0 0 0 0 0 0 0 0 0 0 0 0 0 0 0 0 0 0 0 0 s 0 0 0 0 0 0 0 0 s 0 s 0 s 0 s 0 0 s 0 0 0 0 s 0 s 0 0 0 0 s 
0 0 0 0 0 0 0 0 0 0 s 0 0 0 0 0 0 0 0 0 0 0 0 0 0 s 0 0 s 0 0 0 0 0 0 0 0 0 s 0 s 0 s 0 0 0 0 0 s 0 0 0 0 0 0 0 0 0 0 0 0 0 0 0 
0 0 0 0 0 0 0 0 0 0 0 0 0 0 s 0 0 0 0 0 0 0 s 0 0 0 0 0 0 0 0 0 0 0 0 s 0 0 0 0 0 0 0 s s s s s 0 0 0 0 s 0 0 s s 0 s s 0 0 s 0 
0 0 0 0 0 0 0 0 0 0 0 0 0 0 0 s 0 0 0 0 0 0 s 0 0 0 0 0 0 0 0 0 0 0 0 0 0 0 0 0 0 0 0 0 0 0 0 0 0 0 0 0 0 0 0 s 0 0 0 s 0 0 0 0 
0 0 0 0 0 s 0 0 0 0 0 s 0 0 0 0 0 s 0 s 0 0 0 0 0 s 0 0 0 0 s s s s s s s s s 0 s s s s s s s s s 0 0 s 0 0 0 s s 0 s s 0 0 0 s 
0 0 0 0 0 0 0 0 0 0 0 0 0 0 0 0 0 s 0 0 0 0 0 s 0 s 0 0 0 0 s 0 0 0 0 0 0 0 0 0 0 0 0 0 0 0 0 0 s 0 0 0 0 0 0 0 s 0 s 0 0 0 0 0 
0 0 0 0 0 0 0 0 0 0 s 0 0 0 0 0 0 0 0 0 0 0 0 0 0 0 0 0 s 0 s 0 s s s s 0 s s s 0 0 s s s s s 0 s 0 0 0 s 0 0 s s 0 s s 0 0 s 0 
0 0 0 0 s s 0 s 0 0 0 0 0 0 0 1 2 3 0 0 0 s 0 0 0 0 0 0 0 0 s 0 0 0 0 0 0 0 0 s 0 0 s 0 0 0 s 0 s 0 0 0 0 0 0 0 0 0 0 0 0 0 0 0 
0 0 0 0 0 0 s 0 0 0 s 0 0 0 0 4 5 6 0 0 0 0 0 0 0 s 0 0 0 0 s 0 s s s s s s 0 s 0 s s 0 s 0 s 0 s 0 0 s 0 0 0 s 0 0 s 0 0 0 0 s 
0 0 0 0 0 0 0 0 0 0 0 0 0 s 0 7 8 9 0 0 0 0 0 s 0 0 0 0 0 0 s 0 0 0 0 0 s 0 0 s 0 0 0 0 s 0 0 0 s 0 0 0 0 0 0 0 s 0 0 s 0 0 0 0 
0 0 0 0 0 0 0 0 0 0 0 0 0 0 0 0 0 0 0 s 0 0 0 0 0 0 0 0 0 0 s s 0 s s 0 s 0 s s 0 0 s s s s s s s 0 0 0 s 0 0 s 0 0 s 0 0 0 s 0 
0 0 0 s s s 0 0 0 0 0 0 0 0 0 0 0 0 s 0 0 0 0 0 0 0 0 0 0 0 0 0 0 0 0 0 0 0 0 0 0 0 0 0 0 0 0 0 0 0 0 0 0 0 0 0 s 0 0 s 0 0 0 0 
0 0 s s s s s 0 0 0 0 0 0 0 0 s 0 0 0 0 0 0 0 0 0 0 0 0 0 0 0 0 0 0 0 0 0 0 0 0 0 0 0 0 0 0 0 0 0 0 0 s 0 0 0 s 0 0 s 0 0 0 0 s 
0 0 s s s s s 0 0 0 s s 0 0 0 0 0 0 0 0 0 0 0 0 0 s s 0 0 0 0 0 0 0 0 0 0 0 0 0 s s 0 0 0 0 0 0 0 0 0 0 0 0 0 0 s 0 0 s 0 0 0 0 
0 0 s s s s s 0 0 0 s s 0 0 0 0 0 0 0 0 0 0 0 0 0 s s 0 0 0 0 0 0 0 0 0 0 0 0 0 s s 0 0 0 0 0 0 0 0 0 0 s 0 0 s 0 0 s 0 0 0 s 0 
0 0 s s s s 0 0 0 0 0 0 0 0 0 0 0 0 0 0 0 0 0 0 0 0 0 0 0 0 0 0 0 0 0 0 0 0 0 0 0 0 0 0 0 0 0 0 s s s 0 0 0 0 0 s 0 0 s 0 0 0 0 
0 0 s s s 0 0 0 0 0 0 0 0 s s s s s 0 s s s s s 0 0 0 0 s s s s s 0 s s s s s 0 0 0 0 0 0 0 0 s 0 0 0 s 0 0 0 s 0 0 s 0 0 0 0 s 
0 0 s s 0 0 0 0 0 0 0 0 0 s 0 0 0 s 0 s 0 0 0 s 0 0 0 0 s 0 0 0 s 0 s 0 0 0 s 0 0 0 0 0 0 s 0 s 0 s 0 0 s 0 0 0 s 0 0 s 0 0 0 0 
0 0 s 0 0 0 0 0 0 0 s s 0 s 0 s 0 s 0 s 0 s 0 s 0 s s 0 s 0 s 0 0 0 s 0 s 0 s 0 s s 0 0 0 s 0 s 0 0 s 0 s 0 0 s 0 0 s 0 0 0 s 0 
0 0 0 0 0 0 0 0 0 0 s s 0 s 0 s 0 s 0 s 0 s 0 s 0 s s 0 s 0 s s s s s 0 s 0 s 0 s s 0 0 0 s 0 0 s s 0 0 s 0 0 0 s 0 0 s 0 0 0 0 
0 0 0 0 0 0 0 0 0 0 0 0 0 s 0 s 0 s 0 s 0 s 0 s 0 0 0 0 s 0 0 0 0 0 0 0 s 0 s 0 0 0 0 0 0 0 s 0 0 0 0 s 0 0 0 s 0 0 s 0 0 0 0 s 
0 0 0 0 0 0 0 0 0 0 0 0 0 s 0 s 0 0 0 0 0 s 0 s 0 0 0 0 s s s s s s s 0 s 0 s 0 0 0 0 0 0 0 0 s s s s 0 0 0 0 0 s 0 0 s 0 0 0 0 
0 0 0 0 0 0 0 0 0 0 0 0 0 s 0 s s s s s s s 0 s 0 0 0 0 s 0 0 0 0 0 0 0 s 0 s 0 0 0 0 0 0 0 0 0 0 0 0 0 0 0 0 s 0 0 s 0 0 0 s 0 
0 0 0 0 0 0 0 0 0 0 s s 0 s 0 s 0 s 0 0 0 s 0 s 0 s s 0 s 0 s s s s s s s 0 s 0 s s 0 0 0 s s s s s s s s 0 0 0 s 0 0 s 0 0 0 0 
0 0 0 0 0 0 0 0 0 0 s s 0 s 0 0 0 s 0 s 0 0 0 s 0 s s 0 s 0 0 0 s 0 0 0 0 0 s 0 s s 0 0 0 s s s s s s s s 0 0 s 0 0 s 0 0 0 0 s 
s s s s s s s s s 0 0 0 0 s s s s s 0 s s s s s 0 0 0 0 s s s s s 0 s s s s s 0 0 0 0 0 0 s s 0 0 0 0 s s 0 0 0 s 0 0 s s s s s 
0 0 0 0 0 s 0 0 0 0 0 0 0 0 0 0 0 0 0 0 0 0 0 0 0 0 0 0 0 0 0 0 0 0 0 0 0 0 0 0 0 0 0 0 0 s s 0 0 0 0 s s 0 0 s 0 0 0 0 0 0 0 s 
0 0 s 0 0 0 0 0 s 0 0 0 0 s s s s s 0 s s s s s 0 0 0 0 s s s s s 0 s s s s s 0 0 0 0 0 0 s s s 0 s s s s 0 0 0 0 0 0 0 s 0 0 0 
s s s s s s s s s 0 s s 0 s 0 0 0 s 0 s 0 0 0 s 0 s s 0 s 0 0 0 0 0 s 0 0 0 s 0 s s 0 0 0 0 0 0 0 s s s s 0 s 0 0 0 s s s s s s 
0 0 0 0 0 0 0 0 0 0 s s 0 s 0 s 0 s 0 s 0 s 0 s 0 s s 0 s 0 s s s 0 s 0 s 0 s 0 s s 0 0 0 0 1 2 2 2 2 2 2 2 3 0 0 0 0 0 0 0 0 0 
s s s 0 0 0 0 0 0 0 0 0 0 s 0 s 0 s 0 s 0 s 0 s 0 0 0 0 s 0 0 0 s 0 s 0 s 0 s 0 0 0 0 0 0 s 4 5 5 5 5 5 5 5 6 s 0 0 0 0 0 s s s 
0 0 0 s 0 0 0 0 0 0 0 0 0 s 0 s 0 0 0 0 0 s 0 s 0 0 0 0 s s s 0 s 0 s 0 s 0 s 0 0 0 0 0 0 s 4 5 5 8 8 8 5 5 6 0 0 0 0 0 s 0 0 0 
0 0 0 0 s 0 0 0 0 0 0 0 0 s 0 s s s s s s s 0 s 0 0 0 0 s 0 0 0 s 0 s 0 s 0 s 0 0 0 0 0 0 0 7 8 9 0 0 0 4 5 6 0 s 0 0 0 0 0 0 0 
s 0 0 0 0 s 0 0 0 s s s 0 s 0 s 0 s 0 0 0 s 0 s 0 s s 0 s 0 0 0 s 0 0 0 s 0 s 0 s s 0 0 0 0 0 0 0 0 s 0 4 5 6 0 0 0 s 0 0 0 0 s 
0 s 0 0 0 s 0 0 0 0 s s 0 s 0 s 0 s 0 s 0 s 0 s 0 s s 0 s 0 s s s s s s s 0 s 0 s s 0 0 0 0 1 2 3 0 0 0 4 5 6 s 0 0 s 0 0 0 s 0 
0 s s s s s 0 0 0 0 0 0 0 s 0 0 0 s 0 s 0 0 0 s 0 0 0 0 s 0 0 0 0 0 0 0 0 0 s 0 0 0 0 0 0 s 4 5 5 2 2 2 5 5 6 0 0 0 s s s s s 0 
s 0 0 0 0 s 0 0 0 0 0 0 0 s s s 0 s s s s s s s 0 0 0 0 s s s s s 0 s s s s s 0 0 0 0 0 0 s 4 5 5 5 5 5 5 5 6 0 0 0 s 0 0 0 0 0 
0 0 0 0 s 0 0 0 0 0 0 0 0 0 0 0 0 0 0 0 0 0 0 0 0 0 0 0 0 0 0 0 0 0 0 0 0 0 0 0 0 0 0 0 0 0 7 8 8 8 8 8 8 8 9 0 0 0 0 s 0 0 0 0 
0 0 0 0 0 0 0 0 0 0 s s 0 0 0 s s 0 0 0 s s 0 0 0 s s 0 0 0 s s 0 0 0 s s 0 0 0 s s 0 0 0 0 s 0 0 0 0 s 0 s 0 0 0 0 0 0 s 0 0 0 
s s s 0 0 0 0 0 0 0 s s 0 0 0 s s 0 0 0 s s 0 0 0 s s 0 0 0 s s 0 0 0 s s 0 0 0 s s 0 0 0 0 0 0 0 0 0 0 0 0 0 0 0 0 0 0 0 s s s 
0 0 0 0 0 0 0 0 0 0 0 0 0 0 0 0 0 0 0 0 0 0 0 0 0 0 0 0 0 0 0 0 0 0 0 0 0 0 0 0 0 0 0 0 0 0 0 0 0 0 0 0 0 0 0 0 s 0 0 0 0 0 0 0 
0 0 0 0 0 0 0 0 0 0 0 0 0 0 0 0 0 0 0 0 0 0 0 0 0 0 0 0 0 0 0 s 0 0 0 0 0 0 0 0 0 0 0 0 0 0 0 0 0 0 0 0 s 0 0 0 0 0 0 0 0 0 0 0 
0 0 0 0 0 0 0 s 0 0 0 0 0 0 0 0 0 0 0 0 0 0 0 0 0 0 0 0 0 0 0 0 0 0 0 0 0 0 0 0 s 0 0 0 0 0 0 0 s 0 0 0 0 0 0 0 s 0 0 0 0 0 0 0 
0 1 3 0 0 0 0 0 0 s 0 0 0 0 s s s s 0 s s s s 0 0 0 0 0 0 0 0 0 0 0 0 0 0 0 0 0 s s 0 0 0 0 0 0 0 0 0 0 0 s 0 0 0 0 0 0 0 s 0 0 
0 7 8 3 0 0 0 0 0 0 0 0 0 s 0 0 0 0 0 0 0 0 0 s 0 0 0 0 0 0 0 0 0 0 0 0 0 0 0 0 0 s s 0 0 0 0 0 0 0 s 0 0 0 0 0 s 0 0 0 0 0 0 0 
0 0 0 7 3 0 0 0 0 0 s 0 0 0 0 0 0 0 s 0 0 0 0 0 0 0 s 0 0 s 0 0 s 0 0 0 s s s s s s s s s 0 0 0 0 0 0 0 0 0 s 0 0 0 0 0 0 0 0 0 
0 0 0 0 4 3 0 0 0 0 s 0 0 s 0 0 0 0 0 0 0 0 0 s 0 0 0 0 0 0 0 0 0 0 0 s s s s s s s s s s 0 0 s 0 0 0 0 s 0 0 0 0 0 0 0 0 0 0 0 
0 0 0 0 4 9 0 0 0 0 0 0 0 0 s s s s 0 s s s s 0 0 0 0 0 0 0 0 0 0 0 0 0 0 0 0 0 s s s s s 0 0 0 0 s 0 0 0 0 0 0 0 0 0 0 0 0 0 0 
0 0 0 1 9 0 0 0 0 0 0 0 0 0 0 0 0 0 0 0 0 0 0 0 0 0 0 0 0 0 0 0 0 0 0 0 0 0 0 0 s s s s 0 0 0 0 0 0 0 0 0 0 0 0 0 0 0 0 0 0 0 0 
0 0 1 9 0 0 0 0 0 0 0 s 0 0 0 0 0 0 0 0 0 0 0 0 0 0 0 0 0 s s 0 s s 0 0 0 0 0 0 0 0 0 0 0 0 0 0 0 0 s 0 0 0 0 1 2 3 0 0 0 1 2 3 
2 2 9 0 0 0 0 0 0 0 0 1 2 2 3 0 0 0 0 0 0 0 0 0 0 s 0 0 s 0 0 s 0 0 s 0 0 0 0 0 0 0 0 0 0 0 s 0 0 0 0 0 0 0 0 4 s 6 0 0 0 4 s 5 
8 9 0 0 0 0 0 0 0 0 s 4 5 5 6 s 0 0 0 0 0 s 0 0 0 0 0 0 s 0 0 0 0 0 s 0 0 0 0 0 0 0 0 s 0 0 0 0 0 0 0 0 0 0 0 4 5 9 0 0 0 7 8 8 
0 0 0 0 0 0 0 0 s 0 1 5 5 5 6 0 0 0 0 s 0 0 0 0 0 0 0 0 0 0 0 0 0 0 s 0 0 0 0 0 0 0 0 0 0 0 0 0 0 0 0 0 0 0 0 4 6 0 0 0 0 0 0 0 
0 0 0 0 0 0 0 0 0 0 7 8 5 5 6 0 0 0 0 0 0 0 0 0 0 0 s 0 0 s 0 0 0 s 0 0 0 s 0 0 0 s 0 0 0 0 0 0 1 2 2 2 2 2 2 5 5 2 2 2 2 2 2 3 
3 0 0 0 0 0 s 0 0 0 0 s 4 5 6 s 0 0 0 0 0 0 0 0 s 0 0 0 0 0 s 0 s 0 0 0 0 0 0 0 0 0 0 0 0 0 1 2 5 5 5 5 5 5 5 5 5 5 5 5 5 5 5 5 
5 3 0 0 0 0 0 0 0 0 0 0 7 8 9 0 0 0 0 0 s 0 0 0 0 0 0 0 0 0 0 s 0 0 0 0 0 0 s 0 s 0 0 0 1 2 5 5 5 5 5 5 5 5 5 5 5 5 5 5 5 5 5 5 
5 5 3 0 0 0 0 0 0 0 0 0 0 0 s 0 0 0 0 0 0 0 0 0 0 0 0 1 2 2 2 2 2 2 2 2 2 2 2 0 2 2 2 2 5 5 5 8 8 8 8 8 8 8 8 8 8 8 8 8 8 8 8 5 
5 5 5 2 3 0 0 0 0 0 0 0 0 0 0 0 0 0 s 0 0 0 s 0 0 1 2 5 5 5 5 5 5 5 5 5 5 5 5 0 5 5 5 5 5 8 9 0 0 0 0 0 0 0 0 0 0 0 0 0 0 0 0 7 
4 5 5 5 5 2 2 3 0 0 0 0 0 0 0 0 s 0 0 0 0 0 0 1 2 5 5 5 5 5 5 8 8 8 8 8 8 8 8 0 8 8 8 8 9 0 0 0 0 0 0 0 s 0 0 0 0 0 0 0 0 0 s 0 
7 5 5 5 5 5 5 5 3 s 0 s 0 0 0 0 0 0 s 0 0 0 1 5 5 5 5 5 8 8 9 0 0 0 0 0 0 0 s 0 s 0 0 0 0 0 0 0 0 0 0 0 0 0 0 0 s 0 s 0 0 0 0 0 
0 7 5 5 5 5 5 5 5 2 0 2 2 2 2 3 0 0 0 0 0 1 5 5 5 5 8 9 0 0 0 0 0 0 0 0 0 0 0 0 0 0 0 0 0 0 0 0 0 0 0 s 0 0 0 0 s 0 s 0 0 0 0 s 
